6⁰⁰ .

Lips.

7767777 7776767776

Ρ7776.

70 7717.

U 7777

71 34
72 10
72 25

- · 7-2 ult.

5
4
5
6
7
6
6
766
«1
7
,6
4
6
«6
7
8.

μ
..μ

’ 83 6*

’ Ξ

48919 6229

76 76
76 64

674 7-
76 76
76 76

'75 39
77 24

78 15
79 10

80 26

Aldina Β767166776. ‘'Franco

p 118 6666 7777 47676 71)(1.
66676 4746 47676

, 776 66 67 46 77 466676
.7 76 7

7 7676

48 31 48 6. 5
-49 4 49 7. 11
49 221 49 hi 16
49 41. ’750 7. 1
5013 50 b. ,7

’50 32 50 6. 11

51 4 516. 17

' 51 22. 151 6. 3

90 7.
71) d.

91 7.

sib, d.

71). u,

’92 c.

71). pez
93 ⁶
7171.
941) 1

5141 527. 8 ..

..5214 52 1). 14
’531 537. 4 6

5514- 531). 4
’5338 53610

54 11 54 7. 15

66466646 7 ’.Ῐ

553 5566

5523 551712 '
801 5541 55615 991).

56 18 56 7 ult

7166

8114 56 31 566. 3 1001).
81 pen. 57 ’5 57 6. 9 71). d.

82 25

88 32
84 12
84136
85 18
85 40
86 22
86 ult.
87 17

881 “

6747 γ67 6. 76
6676 666 6

Ι67 76 ,67 6 76 767 6.

ih. d.

102 a.

58 33 58 6. ’89 ib. 6.

59 6 59 7. 13 1037.

-59 25 591718

5944 607. 3

71). 6.
71). p«

6016 6017. 8 1046.

60 35 60 6. 12,

71). 6.

61 8 61 7767. “’ 105 1).

64 5. 13 117

’ 656. ,6 7166677

651). 12· 118 6.

 

