ips}¹ 116116.ι 11111166. 6161166116. 21611661.-

6 ,11111 1 1w

*10 , ’114 111114 111662
,11π Α, 166 6114 1116
12· ., 211 2112111119 ’
16 2 60 ’111610 '3a.10·
'14 617 6 3>',3a.15,ib.‹L9
¹15' 7 15 ,622 1116. 2. 419
16 816 341 46.,9 111118
17 9ῄ9 4141111115 669
{1810 1 461Ι 661 21 1

19’ 11’ 8 5 10' ihqb. 9 1116. 8 '
2012 6 529 111616 2211. 8, ’

,1116 ,6 6 6 6611116 ·
11 16 66 616 11161166. 6
Ι161116. 61 116«666
1416 1 116 1116 11116
16 16pen. 1 16 61. 1· ’61 1
161116616161616
11 16 11 6 16 ib. ο. 11 16116
16 ,16 1 6 1 16116 66. 1

161616111111111116γ ·

,’ 30 21 ‘lx 9 30 106. 61116. 5Ἳ
3122 1110 *7 1111115 86118]
’ 32 23210 27 111. 2 iba 6. 5

16 16 16 1611. 116. 6 6161
5424121118 11611 11165
,6616 4 11 61 116. 1 661. 6 s
66 16,111.,1’1,11, 111. 6161. 6
87 26 24 12 ,66131116 39117 ,

 

