,111 · 111111111111111 “

· ¹ Lijs 911111111116ΤΠΒ111111111.81111111

p. 1296 705 4 207 27 7481. 81127118
7 522 71111. 41112 817
6191586148821
616 916 6116 812
,1 1. 911 1111 ihm
721 21012 71. 15 ib. pest
739 10 31 7111111· 414
815 14 816 11112
884. 128 81111 511
912Ι 141 8618 ibas-1
930- 214 9114 611
7107 282 919 ibas-1
1026 ’8154011111 ,711
,1 1 818 401114 ib.e.5
119 885 1101188111
’13141111611
214Ι 425 116 9113
111411111111111111
’3“9.517 21118 89062
326. 534 311 111117
,41 66 8115 ·11.0
420 628 311 8 111111
,4883 642 ··4a.11 213
516 715 41116 111119
61 815071).11849 1
6 18 8 19 7 c. 17 111111. 10
’6371 839 8112850110
717 915 80. 9 1111110
734 934 91113 1111
812 220 8 9111111. ib. e. 1
830 2026 5101. 6 2111
9 8 201111 101112 111113
ἦ 111 111 11111 111
17-201 133 1111 111117
22019 210 118418
3 2088 280Ι 12111 iham

4. .116 84 21118 511

-5 -185 ,828 818 111111

μ
:³0
»geo

Φεοοοκι-σιοιιμαᾳιε

.; 181

1

2

8.
Δ’1
,5
. 6
7

0⁹
§Q
0000

ἃ
ο.<οοοοκισ,οιμ>ῡοιε>

 

