111-111111111111111111 ’ 111 ’

lips. 01111. 11111111111111111. 11111111.

. 300 ’500 7 33 35 503 c. 3 90011. 't'
. 7 007 910 9113 1116 ’
’ 1111119111114..
9 300 40 0 91111111). 1111. ,8
171 141 4111 51111). 4 11. 1
1 416 4039 70418 11113 ·
0 434 111 1113 311 41x
3 511 130 ’111111111Ρ 1111 0
41111111414
0 000 0117 11113 ,
. 6 ⁴ '31 0110 5 1 ’
7Ι ,317 3114 ib. 00
1 · 115 11)..)1, ,111 ’
9 411 41. 3 1111. 7
’330 400 4119 71. 1
· 0 5114 ’8 1
3 ‘ 51104 1111. 5
³4 ψ 5111 111
5 ,1011111110 ’
6 ¹>‘6⁰- 0 93011) 3 .
7 7a.⁸9 ’1111110
, 711510 11. 9 ,
7 11111. 11). d. 7
1111 111
’ · ·“ 9111 3 1
’ 9119 11111

89

413 5015301110 11105 “

430 5013 30b..pen 51. 3
513 5030 1110111411
531 13 1117 011

8

9

0

0

3 .

4 31111. 906 9c.14 418
0

7

0

9

107 1113 11119

900 Ι 1Ρ111.01.17 111 ult. ··

1 “ 017 0111111. 71. 7
, 0 034 00. 7 111 ult.
3 3 8 01110 31. 7

, 111 ,1111 1111.

 

