6⁸2 mum 1110101118 ’

² Lips. Paris. Aldin.‘1'.ll Basileens. Franco

p. 1875 78916 240 ’9 529 0. 15 875 0.
6 984 40 27 580 a. ult. ib. 0
7 740 9* 40001. 800. 8 60.
84027 117 106 111οῖ
185 11110 70.
120 27 1615- 11101
189 225 21011, 811
215 242· 2051118·
282 814 8810 911
8 8 882 81114 ibe.
827 4 6 .3c.pen·. 88011
4 ’8 425] 4116 1110.
422 4018 4014111
440 518 511011. 1110..
54 6 4 1521). 6 240
528 628 2014 10.
612 open. 31111 ib. pe
680717 80. 8 20.
76 785 4891110.
724 88 41116 8111
741 825 4o.pen. 1110.
817 848 5118 411
885 915 509 ib.d.
911 988 6118 ’51
9282504 61118 ib.d.
7504 5022 70.4’ 61
501Ν.ο.’1 1 71110 ’111
5017 117 7015 7a.
116 186 Sapen. ih. d.
184 211 80. 6 81
210 91110 ib.d.
228 91115 90.
8 4 ,90011 1110.
822 840160114 1110
889 412· 600. 8 2500.
415 480 1018 1110.
488 5 8 11119 111
510 52οᾖ282 'M

a:

‘²0⁹0
..ἡ
δῦ

κικαοιι-μςοιθι-ι

ΦΌΦ

1
2
s ,8
4
5.
6
7
8
9

μ
’ἐξ

*bonuz*

'Quaene-qoem

 

