2212112211 1421111222 599

Lips. Paris. Aldina. Β22112222.Ὲ1211221.

79 4222 22222. 32211 1222 Ϋ

80 501 3116 31216 11115

81 5031 3137 31111 71 c. 3Ι ’

22 50pen 3310' 3221 12212
23 2112 3222 32212122 2γ

24 2112232 2222221213 ·

185 538 333133114 7324

,22 2222 2341 3222 12. 212

37 533 3414·34a.14 74119
’90 541 361 3511,,1111 76 1

914· 2422 3212 2222212122 1, ,
222222232222.312.Ρ22
22 2232 212 32213 1121

94 569 3736 372. 16 1118211.

ἲ12 2232 31222 3121 122 2
96 5718 3817 382. 8 1112111211.

21221 2222211212 1224 “

«9658111393 1392111181Ι

99 5914 3937 39117 802 3 J

100 5911211· 39.ult 39215 1111. 1
16034 4019 4822111 Κ8114

,2211403840291112 .

3 2122· 4111 41212 2222
’22 1ο 4131 41 2. 212 1222222..

3334 434 4326 83115 ·

6317 4333 431113 11113
63pen 43 43 432..2111 842. 3

2411 4315 4212 121. 3·

2424 4323 42211 222 5* ,

65 33 44 35 4411 ult. 1112 8
66 9 45 1 ’..452 3 ib..f 3
2222 4222 422. 2 21212 ‚
675 4538 45213 1112 4

Ι67 33 4611 46217 8811 5

4

5

6

7

8

9

10 651 449 4421111. 36 1
3

3

4

5

’6 6739 4630 4611111111241

2212 412 4124 2121 ’

 

