6⁰2 ' 414441114414144 .

141114 Paris 0844140444 Francc

p. 108 112444 79pen 704. 8 1424.
4 444 4414 4444 4..
6 420 8087 70414 ibe
617 810 804441. 61.
6ult. 8127 804.Ιό

QQ

711 8218 811,18
¹‘Ipem 8287 814,.411 .
810 8810 8216
018418240164
026 8417 88418 61)·
120 20 84 41 8.81Ρ44.114.
y 16 8614 844 6 61)
’ 182 8688 84118114
212 866 844444 71.
240 8626 8616 114
’826 sapen. 86411 8b
417, 8717 ;86 a. 15 nh. 4.
51 88186414 168
6 9χ 88 6 86 4411. im.
’441 4444 441, 4 44
6441). 881111. 874. 0 41).’
726 8010 88412 114.
8 8 89 88 881441. 61.
820 0012 8042 11111
888 0081 801. 0’ 641
-018014804111141
9ult. 0122 00416 74
181 1 08 1 8184. 4 472
.16 088
220 0822 .
318 08444 ·
415 9418 . .
612 0438. .

‚10
350oe

*Dece-ostomanmmh—

21

“ ω

ts

444511
444 4544 .,
414 444. 1.,

 

