616 1161661 16616666

Lips. 16616. Aldina 1166116666 11666661

ps 506 612666 21066 682617 56561
1 44 19 26 6 ila-<Li

, 6661 161 ‘susam 666
514 1 51 5161608 1
5, , 510Ι 51615 ihm

6 · 528 56616 11111

, 7 66· 617· 161
· 6 616 6616 616
9· , 669 7’6.·-·15 561
520 -· 715 711611. 16611

·· - ’ 765 867 661

2 ’ 67 8116 11111

6 ,, 626 8611111761
“ 4 J· 61111· 9117 861
’·’5 ”·, 920’ 9616 1161

7

6

· 940 690116 961

8611 22016 69069 1111

· -9 28 22061 16115, 61061
966017 14 116611 Mi

· 560 112 122 266 161
’ 69 142 2111411611
166 61616611. 611

614· 261 6116 11161

49 ’66 66 9 ih. 111
666161616611

. 535 641 4166111111

· 626 415 566 461

, 7156464 5114 61
· . -621 57 ficpen. 561
’,525 6115111111

5ant.·‘ 6611 661

’614 7111511111

j 632 711611. 761

74 66 6 11161

’722 61610 861

-740 8617 11161

·' 812 ·9b.8 961

 

