“ 66666666666666666666. «666 ’

666. 6666. ’66666 ’6666666 666666.
666 666 66 »6 ’6666616666666

6 6666 -66 66 666. ,6 6166. 6·
67- 9114 ¹63pen. 66 6. 10 11682·

«8 91‘pen. 6416 67 6618120 c. 8 , ,.

κ 6., 66 6 66 66 66 666 6666. 6
666 66 6 66 66 66 a. 66 66 6. 66

66666 6666 66 ο. 6· 6666. Ι6 —

6 6666 66 6 66 a. 66· 6656, 16
6 66 66 66 66κ 66 6. 66 6666. 6
 6 Μω·66”666 666
6 66 6 66 66· ,6666 117‘6· 6

A· 6666 666 66 666, 6 ’
6 66666666· 666-,6 6666 .

> 8' 9714 68 88 666. 16, 1241). 7

6 66 6 666 666666. 6666 ’

66ᾳ66-66·6666666
„1 6666 66 6, 666. 66 66:616
6. 66 66 6666 66 a. 66 6666 6 ‘
6 66666 66466666 666. 4·

6 6 66 6666666661. 6
666 ,6666 6666 6666
666 6666. ι666. 66 ih. -» 666.
666 66 66 66 6. 66 6666. 6

18
’ 666 66 6 66 c. 6 6666. 4 ‘
719 75 25. 75 66 12 ibLantep.' ’
6666. ,6646 6562161666. 6

666 6666 66 66 66. 66
6 6 66 66Ι 666. 6 6666. 6

J1

5
6 ,
8
9
0.
Q.
6
4
6
6
7
8
,9.
90
1..
’2

1779478669116. 8
212 7928 78 b. 17 142 0 8Ι

 

4 ,15 7112 7166812766 x
127 7180 711614 116618 ’

8 1 ,78 ’1 ι’726 4 188 1 “·

66 7482 741). 2. ib. 1. 1 ”

666 666 66666 666. 6( ’
6666 6666 666666. 6666. 6
1666.. 6. 666. 6 666 ·6, ‚.

